0	87	0
24.6075	56.87546	2010
-83.14154	42.86537	2010
3.89527	7.37884	2010
-1.34396	53.46969	2010
4.87137	50.45663	2010
-91.52382	30.9742	2010
-83.733597	42.328072	2010
16.9382	52.409	2010
4.6565	51.81191	2010
-111.03318	45.67932	2010
-95.69724	34.03336	2010
21.00939	52.23535	2010
-83.65028	41.03739	2010
28.54417	41.03306	2010
-72.45165	43.87165	2010
25.80695	58.59232	2010
-123.36451	48.42831	2010
-82.97041	39.33498	2010
15.16463	61.73825	2010
-1.54658	53.79449	2010
-102.4102	34.23294	2010
14.92741	-0.66262	2009
-100.07715	31.1689	2009
-61.67671	16.15784	2009
-121.07887	38.8962	2009
-73.91179	40.82332	2009
-38.50456	-12.97002	2009
-81.94786	28.04419	2009
4.31741	52.08399	2009
-80.18168	38.91974	2009
0.57405	50.87077	2009
-77.38079	38.43358	2009
-82.32046	35.6181	2009
-77.49706	38.91255	2009
-3.00365	53.63328	2009
13.22305	43.71371	2009
-95.43953	42.33089	2009
-118.1924	33.76672	2009
-101.85587	33.59233	2009
-2.25177	51.34835	2009
8.61523	45.44677	2009
-3.99883	17.57975	2009
-79.88389	43.51103	2009
-73.9245	40.76241	2009
147.31906	-32.83102	2009
-92.44023	35.09081	2009
-73.21323	44.47592	2009
-74.49641	40.86189	2009
-79.77127	38.00335	2009
2.13112	48.80193	2009
-86.78916	36.03256	2009
-4.41984	55.84291	2009
139.43394	35.63196	2009
12.57885	55.74138	2009
145.08084	-37.90019	2009
-76.79944	39.26872	2009
6.95505	50.94165	2009
-122.62569	47.565	2009
-66.40942	46.49643	2009
-117.16172	32.71568	2009
64.56445	41.39476	2009
-119.18044	34.20034	2009
-84.19444	39.75911	2009
-1.32524	50.67109	2009
-1.79723	53.64746	2009
-74.44345	42.10286	2009
-89.54034	38.82773	2009
-104.99226	39.74001	2009
-77.5653	39.11567	2009
-89.58776	40.69214	2009
7.35885	46.22809	2009
14.50306	46.05124	2009
-80.24787	43.54456	2009
-155.994	19.65	2009
-7.32039	37.20196	2009
-78.57473	42.70394	2009
0.34169	46.58057	2009
8.4092	49.01037	2009
-81.35071	28.59457	2009
10.39079	55.39617	2009
-121.94345	37.87869	2009
-82.57807	27.4955	2009
-78.32131	44.30073	2009
10.27332	42.79033	2009
-97.13098	33.21656	2009
-73.93762	40.75628	2009
-56.09009	51.38831	2009
10.22442	63.96027	2009
-1.79345	53.56887	2009
-73.97225	41.60441	2009
-3.76654	55.99574	2009
14.58342	56.05269	2009
-78.58484	42.98118	2009
-73.55439	45.51228	2009
2.18596	41.48729	2009
-117.91572	33.83276	2009
-122.6134	48.51262	2009
5.91344	52.1278	2009
-3.18067	51.48126	2009
-4.48622	48.39023	2009
-6.81286	54.63651	2009
-2.13468	53.26265	2009
2.31371	48.70185	2009
7.66379	51.42721	2009
-79.35041	34.73623	2009
-116.19341	43.60698	2009
-80.46935	35.66693	2009
-96.70774	40.81362	2009
-111.92122	33.49398	2009
35.22965	31.94775	2008
174.76714	-41.28054	2008
-2.32169	50.79692	2008
-75.22939	39.80493	2008
-8.23194	55.0503	2008
-81.84348	42.39336	2008
-93.26493	44.97903	2008
8.9513	46.00297	2008
5.16599	50.94078	2008
-82.62345	36.9359	2008
-7.92415	52.68775	2008
-90.1632	38.6262	2008
-79.2138	36.67267	2008
-90.45408	31.24574	2008
-75.8713	41.22949	2008
-81.33231	27.10442	2008
-84.75627	49.38426	2008
1.61551	50.72744	2008
-94.99695	29.7284	2008
-3.41664	43.34348	2008
7.47125	51.3599	2008
130.65604	31.5909	2008
-117.90342	33.66388	2008
-123.35182	39.40414	2008
-87.06162	41.46775	2008
7.7054	45.06951	2008
19.1343	51.91892	2008
5.10627	51.55492	2008
2.1076	41.54876	2008
-73.94102	42.81225	2008
-74.57466	40.71557	2008
-7.33936	53.52362	2008
-95.99277	36.15398	2008
14.28815	48.30425	2008
-0.10416	51.51955	2008
-100.44242	31.4615	2008
9.04544	45.62811	2008
-90.32943	32.33765	2008
-122.1779	37.45469	2008
-1.50776	52.40698	2008
-77.08629	38.89051	2008
-3.85093	51.71815	2008
-81.07328	33.98897	2008
151.20695	-33.86963	2008
0.48883	50.91552	2008
139.74092	35.67048	2008
-78.78117	35.78933	2008
-80.73486	28.33268	2008
-83.00298	39.96196	2008
-0.35246	51.46167	2008
-119.2738	50.26568	2008
175.47131	-37.89306	2008
13.00156	55.59664	2008
-71.37585	-33.04269	2008
-96.42094	42.49981	2008
-85.96242	37.88175	2008
14.95505	46.14694	2008
-88.15849	41.99112	2008
-74.72671	40.14323	2008
-98.70703	35.52608	2008
15.27957	37.07692	2008
-1.46454	53.38311	2008
-86.10269	33.43451	2008
11.14466	47.83888	2008
-0.02419	51.5291	2008
-89.07835	42.2669	2008
-86.44105	39.76618	2008
-77.28861	38.83154	2008
27.84378	-26.24875	2008
-66.89828	10.49605	2008
11.61942	44.83836	2008
-3.70577	40.4203	2008
-46.65466	-23.56287	2008
135.00215	-32.0289	2008
-97.52033	35.472	2008
-76.0592	36.75502	2008
-87.16633	36.64849	2008
-117.75801	33.99604	2008
13.02743	55.72261	2008
-111.930702	34.167881	2008
-81.24338	39.53657	2008
0.64255	51.77045	2008
-73.90469	40.72319	2008
-80.8128	41.2362	2008
-117.97092	33.99363	2008
29.33181	63.22945	2008
-82.66947	40.19033	2008
-79.9735	40.48124	2008
2.10067	49.05067	2008
10.20452	56.153	2008
8.48002	52.93372	2008
-0.32823	51.44663	2008
-83.17777	32.19851	2008
-74.01023	41.49994	2008
-96.67869	34.77507	2008
14.44812	35.90209	2008
-9.04844	53.27383	2008
2.48633	48.80216	2008
16.44171	43.50698	2008
-6.76687	54.50292	2008
-87.99799	41.67478	2008
-79.52139	37.31198	2008
-117.08415	32.64056	2008
-96.20941	17.15199	2008
-60.21303	45.98005	2008
8.68342	50.11204	2008
126.7378	37.65863	2008
8.62929	53.04702	2008
-6.06856	33.83888	2008
-84.28065	30.43977	2008
-79.99745	40.43831	2008
8.53317	52.02297	2007
-93.13482	35.27826	2007
-79.02109	43.85075	2007
0.47799	50.8452	2007
152.68011	-30.90555	2007
8.37981	58.25016	2007
12.49576	41.90311	2007
-81.55294	41.51913	2007
3.06281	50.63718	2007
-71.14566	42.3519	2007
27.92076	43.19899	2007
6.99827	49.23147	2007
-83.16166	42.44952	2007
-84.20951	39.43343	2007
-2.64647	50.94224	2007
-78.87758	35.05449	2007
-86.87093	35.92425	2007
-88.40858	34.27358	2007
-103.99279	23.73606	2007
-93.36586	46.44231	2007
2.30472	48.96924	2007
-88.08459	41.52493	2007
8.30437	47.04954	2007
9.91629	57.04935	2007
12.31849	45.43825	2007
27.11819	63.58939	2007
-84.15601	31.58076	2007
-73.94888	40.65507	2007
18.70249	59.75952	2007
4.37967	50.82056	2007
-118.79489	55.17116	2007
1.48339	48.44453	2007
-73.71186	40.74139	2007
-94.15791	36.0632	2007
12.12875	47.85652	2007
-111.97046	41.22236	2007
-75.77648	40.51851	2007
5.732	45.19398	2007
51.40883	35.70259	2007
-74.25778	40.74568	2007
13.34577	47.69651	2007
-1.32654	52.82599	2007
-6.40431	54.00187	2007
-0.33775	51.75318	2007
101.48481	2.99042	2007
-86.15935	43.23426	2007
-105.07626	40.5815	2007
-111.78976	33.32904	2007
-3.71925	50.72805	2007
-4.71976	6.65512	2007
-92.17141	30.15924	2007
-1.50951	53.67763	2007
-73.71296	41.03687	2007
7.59279	50.36079	2007
-4.50831	55.44528	2007
24.67699	-28.48322	2007
-71.6342	44.00118	2007
-79.7947	36.06899	2007
37.6151	55.75687	2007
-79.9316	32.78115	2007
-71.13649	42.65356	2007
-19.02116	64.96394	2007
-121.98217	37.55091	2007
-3.99667	56.65286	2007
-2.59143	51.45366	2007
1.99928	48.77465	2007
6.1427	46.20835	2007
0.02354	51.47106	2007
-61.02281	14.63554	2007
-122.90963	49.20639	2007
-98.75209	33.37059	2007
-88.45207	39.31936	2007
-83.28842	42.63687	2007
-73.9649	40.78863	2007
-91.50123	44.81651	2007
12.07305	52.82812	2007
-81.97531	33.47909	2007
-90.71913	29.59733	2007
-111.69541	40.29805	2007
2.51599	49.09861	2007
3.04822	36.78865	2007
-85.38843	35.37096	2007
-97.14074	49.89942	2007
-1.54859	50.75833	2007
-0.20573	51.80143	2007
-83.62758	32.83968	2007
-0.11175	51.39429	2007
-79.79854	43.32618	2007
0.57757	51.52672	2007
-83.38348	42.28474	2007
7.19338	51.6134	2007
-81.69074	41.50471	2007
-121.31572	44.05747	2007
27.66497	62.45167	2007
-120.36289	36.13702	2007
11.96689	57.70133	2007
3.72856	51.05563	2007
-90.0791	30.37251	2007
13.49942	59.37991	2007
-2.92051	53.49587	2007
1.83784	48.76194	2007
-4.42016	36.71832	2007
-72.51984	42.37522	2007
12.56935	55.67631	2007
15.21751	59.27074	2007
-71.03237	42.39376	2007
-0.88576	52.23974	2007
151.29929	-33.67814	2007
-87.56412	37.97691	2007
-90.59239	43.72233	2007
5.33275	60.3907	2007
20.46414	44.81187	2007
6.08849	50.77813	2007
-4.02263	55.82046	2007
-97.03203	47.92408	2007
-96.59078	33.2656	2007
-99.14977	19.40904	2007
-77.3819	44.16104	2007
-99.18169	19.48498	2007
-0.12714	51.50632	2007
-83.88491	43.59527	2007
-71.08868	42.31256	2007
-75.10254	40.3285	2007
-80.089	26.35049	2007
-86.02626	40.21614	2007
-2.51622	53.49815	2007
-74.42248	41.44556	2007
26.83776	-29.21545	2007
-70.87485	42.23679	2007
-2.55156	53.21413	2007
-8.01644	42.7989	2007
35.36124	31.3893	2007
-80.41058	37.22626	2007
14.12208	40.82186	2007
-4.62833	54.22128	2007
-1.9086	52.47859	2007
-70.65284	41.39191	2007
149.12656	-35.30654	2007
-97.44661	35.22073	2006
-122.39293	40.58751	2006
-92.33415	38.95217	2006
144.96715	-37.81753	2006
25.65739	60.98299	2006
12.90542	43.91253	2006
1.82619	48.6434	2006
-90.00485	34.98794	2006
-126.55071	54.49887	2006
-89.50409	39.73926	2006
-94.34844	33.09555	2006
-71.29176	46.76921	2006
-87.56593	33.21049	2006
-96.808	32.08226	2006
-71.95947	46.05565	2006
-96.60916	33.63604	2006
-77.24787	38.66059	2006
-118.89425	34.185	2006
-120.84822	37.7684	2006
17.1229	39.0812	2006
-81.09072	32.08078	2006
-83.61658	42.2148	2006
-89.35939	42.31335	2006
-77.27348	18.11526	2006
80.86235	27.13844	2006
0.56012	51.41383	2006
115.74824	-32.05286	2006
1.07561	51.27597	2006
35.48527	33.89275	2006
-75.61066	38.32072	2006
-1.9257	51.32413	2006
-79.57064	40.41307	2006
-76.58895	36.73115	2006
119.85946	-0.91754	2006
-1.88091	50.7204	2006
-117.87394	33.74907	2006
-0.51346	50.81877	2006
-112.46873	34.54142	2006
-72.48411	45.88082	2006
-103.23089	44.08116	2006
11.07394	49.45431	2006
-97.05866	36.11626	2006
-98.12094	29.69887	2006
-97.32925	32.74863	2006
-3.5952	52.9356	2006
0.95091	52.67403	2006
-81.6558	30.33138	2006
-3.04319	51.70308	2006
-79.75873	43.6843	2006
-3.89868	50.56671	2006
-66.04975	18.44377	2006
-122.83019	49.10516	2006
-1.13172	53.52349	2006
-117.93918	34.07215	2006
-120.66252	35.28552	2006
-122.32944	47.60356	2006
-108.50552	45.78366	2006
-111.6513	35.1982	2006
-1.40732	50.90994	2006
14.17739	57.77972	2006
-91.74015	35.25082	2006
24.9804	45.94695	2006
139.83829	37.4876	2006
2.38253	48.91339	2006
-0.38639	50.83033	2006
-92.09985	46.78796	2006
6.5623	51.33389	2006
-76.82191	42.67638	2006
-86.14996	39.76691	2006
-72.64417	41.85076	2006
-122.20642	47.97657	2006
-71.95566	-36.42218	2006
151.03363	-33.87067	2006
11.02307	50.97768	2006
-99.14532	30.05158	2006
12.57347	42.50382	2006
-88.54443	44.02491	2006
-94.04825	33.42558	2006
-73.78458	43.0837	2006
3.26505	50.828	2006
-91.18687	30.44342	2006
-75.66114	39.62603	2006
-103.2833	25.7167	2006
5.73079	58.97083	2006
-0.25969	51.55615	2006
129.2459	35.85683	2006
-82.45927	27.94653	2006
-1.2323	54.6904	2006
-88.99771	40.48501	2006
12.82204	47.84974	2006
-81.35822	41.15093	2006
-123.71399	46.88904	2006
0.23285	49.41944	2006
-2.65978	56.29936	2006
-7.31923	54.99241	2006
-80.99001	46.49	2006
-106.64864	35.08418	2006
-79.05661	35.91463	2006
-90.32643	35.22689	2006
-78.44804	44.15065	2006
16.60445	49.19426	2006
1.23558	48.01493	2006
-0.70847	52.30554	2006
-77.09692	38.98637	2006
-59.59895	13.11199	2006
-100.24706	44.21256	2006
-80.24109	36.09962	2006
-77.34762	38.05157	2006
-121.01914	39.26271	2006
-78.50517	40.0326	2006
-82.30571	23.05599	2006
-73.59565	40.74641	2006
9.3E-4	50.87566	2006
-117.82534	33.68688	2006
-73.93918	40.68869	2006
-3.64184	40.38308	2006
-104.20258	43.85549	2006
8.08094	17.61099	2006
14.43322	50.07908	2006
-81.86819	26.64084	2006
-100.89818	29.36624	2006
103.78871	1.32026	2006
-114.14328	45.49441	2006
-109.67097	48.55286	2006
-118.77758	34.14584	2006
22.93707	40.63955	2006
145.469	-36.55865	2006
-2.23218	54.31392	2006
-74.61771	40.94709	2006
-1.90965	53.25804	2006
12.47436	55.63664	2006
-81.86674	30.06677	2006
-71.46421	42.75836	2006
-77.01904	42.75637	2006
-0.88132	41.65173	2005
-74.18893	42.93896	2005
-95.7895	36.05084	2005
-6.05097	37.28731	2005
-93.92938	29.89932	2005
121.53189	25.06634	2005
-87.84618	42.16889	2005
-0.26194	51.48944	2005
-76.95159	17.99476	2005
9.67464	56.42465	2005
-89.38669	43.07295	2005
11.57752	48.13641	2005
-70.25665	43.65914	2005
-110.96975	32.22155	2005
-97.14306	29.57535	2005
152.83826	-25.28766	2005
-90.29717	33.84005	2005
4.49463	52.15457	2005
12.70809	42.95133	2005
-121.84198	39.732	2005
-73.91077	41.92699	2005
-0.45806	51.37274	2005
-83.89065	39.80324	2005
-121.94486	37.28848	2005
10.00099	48.39575	2005
5.73796	45.20475	2005
-111.88823	40.75952	2005
-84.62167	43.7427	2005
-2.00702	55.77143	2005
-87.90684	43.04181	2005
-72.58929	42.10125	2005
-84.48378	42.7375	2005
-122.47122	48.75235	2005
-86.62021	36.30486	2005
9.20665	59.39297	2005
-79.87162	34.30246	2005
-2.63265	53.45644	2005
23.89439	55.17396	2005
10.79416	63.41131	2005
7.12123	43.58015	2005
7.58768	47.54874	2005
-111.93742	33.42551	2005
18.95574	69.65102	2005
-119.01886	35.36696	2005
-83.53626	41.65381	2005
-0.12193	51.45236	2005
-76.27503	43.1763	2005
-2.98868	39.89502	2005
126.97738	37.55712	2005
-85.35138	33.01807	2005
-90.33078	35.61301	2005
-99.96201	49.84769	2005
-111.54732	39.49974	2005
11.25499	43.78237	2005
-108.20569	36.72814	2005
-82.51759	40.06781	2005
32.86048	39.94293	2005
-122.45724	38.29187	2005
-79.76906	34.19363	2005
-96.98612	33.98291	2005
-105.05326	39.75213	2005
-0.13449	50.82821	2005
-77.029	38.8991	2005
-74.80397	39.63564	2005
-94.02978	34.31109	2005
-117.24681	32.74838	2005
-117.03817	32.5313	2005
-72.63238	42.31781	2005
-0.18883	51.40052	2005
-121.36562	38.40901	2005
-72.09647	41.35644	2005
-0.77304	48.07272	2005
-94.40853	32.77847	2005
-114.04027	40.73647	2005
-117.86483	34.13602	2005
-22.07443	64.32235	2005
11.78532	43.09798	2005
-98.52102	35.30914	2005
-105.59032	41.3108	2005
-123.10776	44.63548	2005
127.98211	26.47499	2005
2.29005	48.69173	2005
-74.03192	40.95276	2005
-102.88266	22.35371	2005
-118.23944	34.23033	2005
2.3584	43.21183	2005
19.93259	50.06007	2005
-93.09332	44.94382	2005
0.0221	51.58165	2005
-90.06146	35.03731	2005
-77.42105	34.74929	2005
-60.72183	-32.79798	2005
-117.69764	33.47998	2005
-88.01016	44.51279	2005
-158.0819	21.33422	2005
-94.4213	35.3846	2005
-90.59119	34.52865	2005
-74.52772	40.91188	2005
0.22581	51.44613	2005
-99.68095	41.50075	2005
-5.06303	50.20221	2005
145.77406	-19.93272	2005
-3.57826	51.50883	2005
-123.48218	48.82922	2005
-8.42945	53.50807	2005
-122.53709	47.22263	2005
-111.9307	34.16788	2005
-123.04381	44.93326	2005
9.18103	45.46894	2005
-80.08524	42.12944	2005
-75.69189	45.4215	2005
-122.23742	47.38028	2005
-76.82606	42.17265	2005
-81.41923	37.76789	2005
-82.44537	38.41982	2005
-80.23742	25.72898	2005
-78.47753	38.03213	2005
-6.00181	37.38769	2005
-84.14496	34.00336	2005
-82.63713	30.19034	2005
-75.00236	-9.18134	2005
2.31313	9.32204	2005
-122.27302	37.80506	2005
-94.82807	30.99688	2005
-92.43659	38.2589	2005
-119.4966	49.88681	2005
7.44046	46.94843	2005
-8.73153	43.08364	2005
-86.68073	32.61436	2004
-8.6541	54.19456	2004
-70.64794	-33.46304	2004
-76.47933	44.23153	2004
24.93258	60.17116	2004
-6.24953	53.34376	2004
-119.05505	34.47326	2004
-81.31017	28.87978	2004
-1.03182	7.95501	2004
-0.78191	50.83935	2004
19.50496	47.16116	2004
-81.54609	30.73115	2004
-73.49664	40.8272	2004
9.73815	52.37227	2004
-92.45915	44.01928	2004
36.2303	49.9901	2004
-117.41228	47.65726	2004
-85.76216	38.28496	2004
-83.98799	33.95246	2004
172.6373	-43.53131	2004
-71.71818	42.18419	2004
23.1362	63.8313	2004
-80.88892	35.78577	2004
-79.88945	32.80128	2004
14.42426	51.17964	2004
-122.78217	45.00394	2004
-77.94599	34.23497	2004
-76.36432	45.01737	2004
-117.80384	34.10668	2004
-86.44558	36.99462	2004
-73.24922	40.72023	2004
-117.76505	33.6671	2004
21.76223	49.69475	2004
13.52453	51.45623	2004
-76.34512	37.02779	2004
-107.55405	43.00029	2004
-117.25543	32.83709	2004
-87.82365	42.58807	2004
-93.6202	42.02534	2004
-85.59012	42.99671	2004
-77.51329	18.03965	2004
21.84556	39.07245	2004
174.90453	-41.20843	2004
28.04003	-26.20494	2004
-89.51877	34.36401	2004
-81.25446	43.00579	2004
-118.26753	34.09271	2004
-78.84245	38.15371	2004
13.74081	51.05364	2004
139.87683	36.59697	2004
-3.60734	50.52629	2004
-89.99726	34.82353	2004
-73.18763	44.49141	2004
-72.94832	7.33532	2004
9.15045	45.19082	2004
-80.65079	41.0981	2004
-97.4234	35.88012	2004
6.60945	36.36001	2004
7.01325	43.55326	2004
-84.59334	42.73383	2004
-87.63241	41.88415	2004
18.8103	63.13626	2004
-75.03055	39.9275	2004
18.4295	43.8586	2004
-41.9952	-13.442	2004
104.16565	36.89445	2004
7.10169	50.7323	2004
-97.00189	30.6554	2004
-81.95694	26.62982	2004
135.70743	35.00476	2004
-90.60738	33.62861	2004
-73.41853	40.67856	2004
23.76226	61.49781	2004
-70.90725	42.51557	2004
-21.89294	64.11008	2004
-75.4702	40.60257	2004
2.38596	42.54843	2004
-78.64267	35.78551	2004
-98.76514	38.36601	2004
4.47684	50.50101	2004
-75.82898	20.02889	2004
17.0267	51.10804	2004
2.17005	41.38572	2004
-110.04454	46.67949	2004
55.45676	-20.86721	2004
151.3815	-33.46765	2004
-88.49926	32.29088	2004
-121.5561	39.51388	2004
-92.90802	42.04977	2004
-79.94053	37.27152	2004
-119.27023	37.27188	2004
-97.86837	22.25797	2004
-79.73943	43.88085	2004
-84.87869	38.19506	2004
-119.09456	46.23518	2004
-84.05901	9.94879	2004
-92.22496	38.81231	2004
9.85314	51.09084	2004
28.96406	41.16399	2004
12.66538	64.55653	2004
-0.38049	51.59094	2004
-98.30897	56.95468	2004
-73.69807	41.23987	2004
9.67469	50.55356	2004
18.19199	59.11727	2004
-76.65859	39.90685	2003
-85.83249	30.19164	2003
-91.9246	32.62656	2003
-55.92844	-12.69524	2003
115.85724	-31.95302	2003
20.95586	64.74945	2003
-77.11221	45.82648	2003
-71.12894	42.4078	2003
-76.74368	38.4456	2003
-72.07074	41.35484	2003
-83.13702	42.68318	2003
-117.73906	34.1717	2003
-72.59378	42.21464	2003
-83.08847	37.11878	2003
-63.57392	44.64616	2003
0.05102	51.45102	2003
-0.39535	51.27172	2003
-4.62141	48.43434	2003
-79.15015	40.6229	2003
-2.80175	53.82646	2003
-77.97913	44.38303	2003
-2.89373	53.19729	2003
-81.04525	33.99855	2003
-74.86099	40.51032	2003
12.85752	56.67225	2003
14.69725	57.65337	2003
-95.36978	29.76045	2003
-75.41876	39.14527	2003
-121.42164	38.42068	2003
-2.57518	51.43558	2003
-81.34751	28.70015	2003
23.82298	35.46234	2003
-96.7954	32.77815	2003
-118.39157	34.19423	2003
-2.46883	42.87289	2003
-85.81945	33.65711	2003
-90.18383	38.89086	2003
-83.75243	40.10863	2003
-123.11403	49.26044	2003
-75.92381	38.8235	2003
-77.15124	39.08166	2003
-90.9564	36.068	2003
-73.75527	42.65145	2003
-90.24554	32.17873	2003
141.26141	39.74696	2003
138.59991	-34.92647	2003
-74.21146	40.66351	2003
-92.0034	34.22353	2003
-117.00054	46.73237	2003
13.45828	48.57309	2003
24.6562	60.20624	2003
9.99245	53.55334	2003
25.75129	62.24049	2003
-122.42005	37.77916	2003
6.63652	49.75725	2003
-98.35131	26.65037	2003
-2.67973	42.84751	2003
-82.5276	43.06478	2003
-90.10126	44.7272	2003
4.44343	50.41015	2003
34.76971	32.0451	2003
-79.64372	43.58828	2003
-71.80235	42.26299	2003
-0.26746	51.51324	2003
-77.45914	38.30089	2003
8.80466	53.07516	2003
-89.96107	34.61932	2003
11.49407	64.46794	2003
-121.88579	37.33847	2003
-96.73128	43.54535	2003
-115.83483	33.31181	2003
-71.0414	42.16268	2003
-118.94151	34.18806	2003
-68.00312	10.17822	2003
13.38423	54.09731	2003
-70.15213	19.05871	2003
-81.54106	27.9758	2003
-77.38023	35.6072	2003
-86.01223	40.04514	2003
-149.85776	61.21756	2003
-92.27449	34.74865	2002
-8.47277	51.89834	2002
-1.53179	54.89814	2002
-118.6938	34.15226	2002
17.55142	62.19845	2002
23.73641	37.97615	2002
82.79476	21.7866	2002
-0.13058	51.63319	2002
-61.41389	10.63239	2002
23.17033	70.69576	2002
-122.42932	37.4631	2002
-83.92817	39.68509	2002
0.29073	50.78248	2002
-82.12539	28.01731	2002
-118.59578	34.25539	2002
121.0791	-24.43781	2002
-87.68659	42.05665	2002
-81.64936	37.38201	2002
-81.71747	37.99696	2002
-122.16079	37.44466	2002
-40.77105	-19.59634	2002
27.67777	62.88388	2002
-89.87374	32.58507	2002
3.2764	45.71	2002
-87.93677	42.09643	2002
9.11049	39.21452	2002
-74.91905	39.89233	2002
2.40955	49.34463	2002
-43.19508	-22.97673	2002
-93.91502	44.78362	2002
-74.09528	42.37266	2002
-80.12522	26.23145	2002
-2.24705	53.7946	2002
-73.80817	40.79263	2002
-76.40529	39.33737	2002
-95.3756	40.76596	2002
-2.98825	51.59105	2002
-123.08854	44.04992	2002
-122.87561	42.32356	2002
5.26981	59.41203	2002
-120.17816	37.36992	2002
-86.76951	34.06171	2002
-121.55015	38.571	2002
-0.58104	44.83663	2002
-88.91599	35.82213	2002
-80.98193	43.37013	2002
-2.16337	53.50846	2002
4.47845	51.92283	2002
-82.56042	36.5478	2002
-81.2708	33.35424	2002
-4.18587	55.76739	2002
12.94439	57.71993	2002
8.04779	52.27252	2002
26.06739	64.95014	2002
-74.13107	40.44181	2002
8.53955	47.37706	2002
-71.06405	42.45717	2002
8.46678	49.48651	2002
-97.74298	30.2676	2002
16.39533	61.34742	2002
-81.23258	28.64334	2002
-83.12559	38.08664	2002
13.76709	45.65065	2002
8.3682	48.24551	2002
-80.38483	36.02078	2002
11.34516	44.50482	2002
19.00424	50.24665	2002
-94.20069	46.35316	2002
-93.61566	41.58979	2002
-5.31322	37.22299	2002
-3.60542	37.17039	2002
-118.07654	34.08072	2002
-101.95625	23.62574	2002
-87.21724	30.42084	2002
-83.18782	35.30774	2002
-2.09579	53.71673	2002
-114.06317	51.04521	2002
-76.65937	39.25566	2002
-8.39646	43.37011	2002
14.79938	56.87968	2002
-90.18049	32.29869	2002
-68.43114	53.89128	2002
-89.57334	35.6731	2002
-91.25019	35.00459	2002
0.51323	51.38071	2002
-69.01249	45.26232	2002
-1.81531	52.50524	2002
-0.0604	51.54881	2002
-70.77212	43.07062	2002
-118.49229	34.01156	2002
-120.51484	44.11559	2002
-76.86234	38.96191	2002
-87.11351	37.77421	2002
-85.53877	38.26443	2002
-84.76815	43.59723	2002
4.22417	50.93364	2002
-122.37238	48.24159	2002
-77.71758	39.6425	2001
-81.02668	34.92402	2001
-86.74081	37.45047	2001
10.93405	44.64308	2001
16.86665	41.12587	2001
-75.7486	39.9833	2001
18.04511	40.43322	2001
-71.88893	45.40326	2001
-84.77496	37.64598	2001
-90.76666	34.77397	2001
-85.97567	41.68676	2001
136.28712	35.33239	2001
-92.63979	32.5305	2001
-106.07218	28.63951	2001
103.82771	1.36558	2001
-100.91879	21.14836	2001
174.77042	-36.88411	2001
72.87588	19.07619	2001
-0.42809	51.89493	2001
9.56154	33.79502	2001
175.31923	-38.00964	2001
-7.46751	54.82493	2001
-82.32318	29.65195	2001
-1.40848	54.90012	2001
0.05033	50.79283	2001
-117.32364	34.51061	2001
-82.63975	39.05408	2001
-93.19547	39.12026	2001
-76.29771	36.83264	2001
-0.75811	51.25306	2001
-111.66851	40.23376	2001
-91.97563	30.73029	2001
-86.45748	42.11553	2001
-0.47261	51.51262	2001
-117.57384	34.10261	2001
-60.65649	-32.95456	2001
-90.35591	38.59264	2001
-74.21612	40.81741	2001
0.17898	51.27562	2001
-122.96462	46.6621	2001
-2.89984	54.63044	2001
-72.75753	41.51776	2001
-72.6691	42.33495	2001
-73.9454	40.8079	2001
-149.10568	63.03654	2001
-14.44555	14.49945	2001
-4.13689	50.3758	2001
-102.2185	19.14774	2001
-73.72684	41.20633	2001
10.89789	48.37033	2001
20.91079	44.04981	2001
-0.09201	51.70973	2001
-77.12648	39.98117	2001
-90.36802	35.83589	2001
6.51747	50.7266	2001
-87.93538	42.06538	2001
-71.3055	41.48628	2001
6.92775	62.30784	2001
-90.11897	32.46309	2001
-0.23443	51.56096	2001
-56.16544	-34.8809	2001
-70.70719	19.45565	2001
-90.01479	35.22052	2001
-79.38533	43.64856	2001
-6.13487	36.69094	2001
0.82969	8.62169	2001
135.50323	34.67747	2001
-84.87532	35.16018	2001
-82.51887	37.4817	2001
-82.22127	36.59193	2001
-74.03586	40.20971	2001
-71.21935	46.81274	2001
-122.31483	37.54703	2001
-74.18038	41.60374	2001
2.34121	48.85692	2001
5.32986	52.1082	2001
-78.35865	38.98905	2001
-90.29656	44.7579	2001
-90.60536	32.33112	2001
-79.4138	43.7698	2000
12.06162	57.91763	2000
175.4266	-36.19442	2000
-90.19951	38.62774	2000
-90.07771	29.95369	2000
-76.98585	18.08393	2000
-71.10602	42.36679	2000
-93.19447	37.4539	2000
-73.34524	40.9012	2000
-77.30435	17.95987	2000
-89.10827	39.14465	2000
-117.02258	38.50205	2000
-105.17274	27.69552	2000
-96.0878	30.38815	2000
-112.82978	53.02423	2000
-90.27585	34.35919	2000
1.14378	52.05777	2000
9.53118	46.85021	2000
31.03511	-29.85572	2000
-119.69887	34.41925	2000
-68.19586	47.4211	2000
5.35813	59.54484	2000
29.92039	-3.38791	2000
127.85017	36.44815	2000
-159.3171	22.07709	2000
-9.15037	38.72567	2000
-83.4866	38.82597	2000
-115.13997	36.17191	2000
145.77597	-16.92646	2000
-78.87846	42.88544	2000
14.25185	40.8399	2000
-73.45303	44.69913	2000
5.67481	6.82323	2000
-82.68448	38.53492	2000
-86.77836	36.16778	2000
-96.63166	31.30757	2000
-92.84883	30.48657	2000
-104.59518	50.44801	2000
-147.72218	64.8455	2000
-88.95535	33.90698	2000
-75.55084	39.74023	2000
-81.73465	41.38371	2000
-97.17028	34.64231	2000
115.84185	-31.93193	2000
22.11144	37.04292	2000
-3.10022	53.33668	2000
-117.07362	47.22679	2000
-77.43365	37.5407	2000
35.4317	38.95774	2000
15.06744	37.51146	2000
-87.95492	41.79891	2000
-81.51058	36.23703	2000
-95.27023	31.96305	2000
18.48617	-22.96566	2000
-92.47627	42.72571	2000
-136.79199	64.8369	2000
-71.55587	41.66122	2000
-75.59028	6.23651	2000
-79.54316	40.29924	2000
-92.84857	33.91659	2000
-99.502	27.53092	2000
-76.6096	39.29055	2000
-73.92937	41.70671	2000
-90.87988	32.90573	2000
6.21109	62.42305	2000
21.22327	45.75342	2000
-71.63056	10.73445	2000
-68.77077	44.80171	2000
-94.35887	32.20049	2000
-121.29072	37.95362	2000
1.65284	28.02688	2000
-0.34592	53.74319	2000
-80.32022	36.91138	2000
-3.51534	50.72076	2000
90.40711	23.7098	1999
-4.29464	51.83963	1999
-3.52754	50.47648	1999
-84.50469	39.10644	1999
-2.71939	54.07485	1999
-89.80985	33.78399	1999
-75.47003	39.7299	1999
-72.95853	4.11641	1999
-77.80679	21.51102	1999
-73.96644	40.79086	1999
9.26773	59.56465	1999
7.01815	43.57607	1999
-97.49553	25.89958	1999
-122.59802	47.17303	1999
-71.56889	44.48721	1999
14.52689	40.75	1999
-8.63261	52.66097	1999
30.24647	26.69636	1999
-66.42889	18.22328	1999
-73.66658	41.00049	1999
15.47491	49.80388	1999
-110.94695	29.07904	1999
25.4735	65.0103	1999
-98.38983	34.60515	1999
153.02283	-27.46888	1999
-81.80045	24.55439	1999
-98.1263	42.33252	1999
-78.65636	34.48767	1999
-74.11779	4.65637	1999
-89.61809	34.95063	1999
-0.17348	51.55503	1999
-2.15648	52.26807	1999
-83.92091	35.96049	1999
-123.31533	44.92099	1999
-121.74477	38.54666	1999
-122.24	47.2022	1999
-90.76741	33.95102	1999
-97.13018	41.25337	1999
-87.67525	34.80046	1999
-87.48082	41.63115	1999
-101.04893	56.85147	1999
-76.90246	38.6157	1999
-81.90227	37.83321	1999
-95.24921	35.79798	1999
-92.11905	32.50965	1999
-75.5057	10.38706	1999
-81.37157	40.79781	1999
0.33076	53.13941	1999
-74.47995	40.82624	1999
-82.14039	29.18752	1999
-74.03097	40.73716	1999
-82.99361	38.74339	1999
-122.03095	36.97402	1999
-91.56123	32.77942	1999
-81.9912	27.82007	1999
-3.44291	56.07043	1999
-118.61092	34.1688	1999
1.71819	46.71067	1999
-73.88137	40.77735	1999
0.47791	51.73569	1999
-82.32547	27.94017	1999
10.74998	59.91228	1999
-75.16237	39.95227	1999
-80.90286	39.49363	1999
-83.22295	32.67828	1999
-116.51073	33.9614	1999
9.51695	56.27609	1999
10.00202	53.4919	1999
-113.99623	46.87278	1999
4.0811	50.88313	1999
-103.35108	20.68759	1999
-99.15213	19.3199	1999
-80.11278	8.4177	1999
-85.02648	35.94833	1999
1.85305	50.95308	1998
12.95348	58.26266	1998
-105.52834	34.34295	1998
-79.71545	40.26134	1998
-73.57176	45.45902	1998
-76.14739	43.04999	1998
-118.71766	34.28946	1998
-71.86785	44.8161	1998
-102.89334	31.59531	1998
-0.08884	51.44097	1998
-85.18093	32.84396	1998
-2.99275	51.00883	1998
-2.31589	51.2301	1998
-5.77917	37.18422	1998
-122.2705	37.8695	1998
21.75627	-4.03479	1998
8.22395	46.8132	1998
11.26589	50.92677	1998
-83.85361	33.74172	1998
9.7293	52.88191	1998
-118.39535	33.86404	1998
-99.79383	29.2073	1998
-87.9523	42.28782	1998
-118.14426	34.14723	1998
-73.62279	40.70991	1998
-101.69814	34.19767	1998
-84.39111	33.74831	1998
-77.02122	-12.0436	1998
-77.79551	38.71361	1998
-76.28507	36.84682	1998
-1.09712	51.26143	1998
2.24102	48.83515	1998
-97.16991	40.97424	1998
-85.97874	35.83073	1998
-90.91387	34.56039	1998
-51.15045	-27.65294	1998
-21.90248	64.13738	1998
-0.07467	51.58202	1998
-78.89601	35.99527	1998
-83.73996	31.83392	1998
8.2723	50.0006	1998
-3.20277	55.95415	1998
18.80032	45.28303	1998
-97.38762	32.35039	1998
-91.07385	33.5931	1998
108.83178	59.46148	1998
-87.4877	36.86727	1998
-75.11913	39.94525	1998
1.83793	42.39748	1998
-74.12466	40.81209	1998
-75.29647	39.92891	1998
-86.17258	41.66017	1998
-6.08985	40.02994	1998
30.52249	50.44138	1998
13.1876	55.70622	1998
-59.95786	46.19686	1998
-3.18447	51.43539	1998
1.2949	52.62249	1998
-92.72564	33.36501	1997
-72.92496	41.30711	1997
-1.61237	54.97791	1997
106.82782	-6.17144	1997
-76.61966	39.43683	1997
-88.59583	37.08571	1997
7.84965	47.99854	1997
-85.32281	36.38418	1997
-73.61689	41.39447	1997
-85.67869	40.10216	1997
-84.98763	32.46292	1997
-86.4507	32.46182	1997
-75.66079	41.41013	1997
13.37698	52.51607	1997
0.06581	51.64655	1997
32.57484	0.3228	1997
-122.59278	45.33653	1997
-105.27924	40.01574	1997
16.3688	48.20254	1997
-63.59	44.69415	1997
-0.00934	51.61779	1997
120.73907	15.59305	1997
-80.83754	35.2225	1997
-74.95196	40.36583	1997
-97.14194	32.56438	1997
-79.14284	37.41402	1997
-71.34109	-35.70522	1997
-94.58306	39.10295	1997
-91.6756	30.98029	1997
-90.54683	33.73129	1997
-95.93995	41.26069	1997
-74.7594	40.21787	1997
-91.657	31.84666	1997
-95.15261	36.2929	1997
-93.99853	31.97528	1997
-82.7603	22.81751	1997
12.62459	41.45064	1997
-84.44895	33.65596	1997
-83.05173	42.39941	1997
5.60717	46.15178	1997
-71.51346	42.003	1997
106.6625	10.75918	1997
-97.84835	33.55943	1997
-89.26212	35.5953	1997
-74.44381	40.49477	1997
-95.23653	38.97306	1997
-76.48993	38.9767	1997
-90.10785	31.55379	1997
-99.4099	37.92232	1997
-92.58685	34.56398	1997
-81.37739	28.53823	1997
-1.97406	52.88356	1997
138.9108	34.92132	1997
-80.39422	27.63885	1997
-1.08728	50.80401	1997
-93.29156	37.20897	1997
-122.03825	37.37161	1997
-83.36957	42.39658	1996
-92.72139	32.34922	1996
-6.29021	36.52986	1996
-98.1607	26.30116	1996
-74.20444	40.43665	1996
-86.8115	33.52029	1996
-88.94561	38.62666	1996
-97.2218	34.7402	1996
90.3509	23.68745	1996
-118.24108	33.94047	1996
-90.27752	33.52306	1996
-69.0844	48.73872	1996
-90.44116	30.43883	1996
-96.92803	42.78668	1996
-101.77568	34.54383	1996
-63.58481	-37.0907	1996
-76.88246	40.26002	1996
-2.22254	53.45228	1996
-6.3	53.3667	1996
-68.83955	-32.89123	1996
-96.84842	32.38612	1996
-89.6436	39.80105	1996
4.39771	51.22208	1996
-7.529	54.155	1996
-89.40763	35.69566	1996
-69.46854	16.85576	1996
-94.85607	39.7666	1996
-7.84481	39.55792	1996
-73.85808	40.74262	1996
15.14345	59.12766	1996
-111.83146	33.41704	1996
-94.314	37.17675	1996
-82.8109	32.9831	1996
45.03352	12.80095	1996
-118.24532	34.05349	1996
-157.7197	21.34765	1996
-1.86747	54.96884	1996
-90.645	33.45081	1996
-98.70853	46.91008	1996
-122.08613	37.67119	1996
-77.23871	-10.40633	1996
-0.59641	51.50787	1996
-74.27362	41.36149	1996
-94.33942	34.03674	1996
170.36664	-43.58771	1996
5.4246	53.1735	1996
-75.91316	43.97558	1996
-101.3878	33.67466	1996
7.54836	44.38825	1996
-86.11205	35.18657	1996
-112.52089	46.00175	1996
-122.06162	37.90118	1996
8.13444	49.35392	1995
-85.30946	35.04644	1995
17.5141	48.14432	1995
-94.68121	33.20271	1995
-2.47755	51.80901	1995
8.67425	9.08457	1995
-90.14988	32.20703	1995
-2.56483	53.86121	1995
-80.60741	34.24961	1995
-77.50415	37.66531	1995
-89.32583	32.3457	1995
-88.20449	40.11727	1995
-88.8194	35.6139	1995
-90.222	33.18428	1995
2.47547	49.25953	1995
-94.10158	30.08615	1995
-113.49037	53.54622	1995
-97.1495	31.57182	1995
121.49713	25.02698	1995
-74.4874	39.53476	1995
-73.70853	40.66404	1995
-122.52098	47.62693	1995
-83.37325	33.95813	1995
-81.56997	35.93979	1995
-88.70307	32.36503	1995
15.26854	47.4101	1995
-73.63078	40.86395	1995
-83.17624	42.32209	1995
-94.51317	37.09145	1995
8.12927	47.40223	1995
-95.632	31.7617	1995
-92.01705	30.22032	1995
-2.74078	53.37035	1995
17.30686	62.3889	1995
-77.60454	40.99471	1995
-82.01486	34.49948	1995
9.93802	51.5313	1995
-0.62466	51.4788	1995
-1.14036	52.63788	1995
-85.69091	37.82245	1995
-83.43001	39.90348	1995
-99.13285	19.4319	1995
-122.91227	46.98538	1995
-122.53247	37.97457	1995
-80.14356	26.12367	1995
-73.94512	40.79195	1995
121.5152	25.03512	1995
18.06243	59.33217	1995
-102.64505	32.72662	1995
-84.80047	33.37485	1995
144.69832	-36.36003	1995
-87.78514	41.5964	1994
-0.77619	51.57306	1994
0.46694	51.57198	1994
-120.54872	46.99703	1994
20.26078	63.82525	1994
-74.04323	40.7174	1994
-90.38262	34.69018	1994
-90.45987	32.34973	1994
-90.74607	34.04489	1994
0.74267	51.19871	1994
5.68827	50.84983	1994
-85.29014	36.34253	1994
-2.2843	53.48973	1994
-84.54588	33.95319	1994
11.04825	59.95698	1994
11.32787	50.97695	1994
-89.7109	34.58376	1994
-90.24206	29.98988	1994
-96.06071	35.87713	1994
0.11156	52.20987	1994
-93.14939	33.92192	1994
17.64405	59.85845	1994
22.95775	39.37413	1994
-90.6845	35.02368	1994
-98.49462	29.42449	1994
-90.50985	30.93683	1994
-91.70019	36.32878	1994
-117.37388	33.98163	1994
-121.77312	38.67843	1994
-80.9474	33.62646	1994
-2.78071	51.48224	1994
-74.08317	40.94757	1994
-92.26831	30.23513	1994
-73.93585	40.8448	1994
-120.99959	37.6383	1994
-74.29497	44.84879	1994
-84.45014	33.64132	1994
-88.48955	33.98585	1994
10.93822	59.21408	1994
-155.43414	19.59009	1994
4.82897	45.7594	1994
-91.25276	30.4951	1993
-0.03381	51.69051	1993
-84.50032	38.04859	1993
-0.99603	51.45238	1993
-87.71375	43.74978	1993
0.88943	51.88966	1993
12.34344	7.36529	1993
-81.68076	34.83579	1993
-1.7583	53.79573	1993
-78.88956	35.06626	1993
-1.68447	48.10751	1993
-83.97364	35.75355	1993
-64.78547	32.3031	1993
-85.7664	38.25486	1993
-90.0897	34.43899	1993
-1.25652	52.9074	1993
-71.31284	42.64589	1993
-106.02612	34.16612	1993
1.44869	43.60574	1993
1.74102	41.6922	1993
-95.96653	31.15509	1993
-91.01055	33.65272	1993
-80.25306	26.27249	1993
-88.61962	33.305	1993
-76.21976	36.3015	1993
28.39131	46.97933	1993
-90.64208	34.30138	1993
-107.48486	28.55019	1993
-122.89143	47.03922	1993
146.32611	-36.35484	1993
-90.74988	41.19993	1993
-73.59354	40.71793	1993
-89.98423	38.51213	1993
-89.97544	35.17407	1993
-82.40022	34.84802	1993
-61.48358	10.65715	1993
-70.93087	41.63767	1993
80.24567	13.05939	1993
-91.29781	31.1041	1993
-122.67563	45.51179	1993
-87.94949	44.1562	1993
-91.96148	33.13178	1993
-74.57555	39.2794	1992
-80.01955	35.21962	1992
-0.09776	51.35451	1992
4.89319	52.37312	1992
15.08518	57.42635	1992
-102.33417	33.91736	1992
-84.10729	40.74269	1992
28.98618	41.04085	1992
-84.24023	40.14761	1992
-74.69123	41.37469	1992
-58.37354	-34.60852	1992
-90.48738	36.05672	1992
-120.95071	39.09551	1992
-77.40343	37.22815	1992
-89.11774	32.7716	1992
25.48312	42.7316	1992
-0.16248	51.49014	1992
-73.7868	40.9197	1992
-2.10633	52.8029	1992
-73.84739	40.67281	1992
-98.32023	38.49809	1992
-94.69444	35.38716	1992
-86.39434	35.8444	1992
27.85254	-13.15192	1992
-83.35503	32.38633	1992
2.81874	41.98086	1992
7.28021	50.82607	1992
-96.91393	33.46725	1992
-78.24499	45.49919	1992
-0.22942	51.49615	1992
-77.5818	35.26869	1992
-1.08342	53.95333	1992
-86.25404	41.67905	1992
-86.16559	34.19763	1992
170.50385	-45.8745	1992
-92.11789	30.76753	1992
-0.3324	51.52509	1992
-102.61916	38.08767	1992
4.42508	50.51444	1992
-90.77387	33.60307	1992
39.20264	-6.16591	1992
-83.7826	43.0026	1992
-121.89677	36.59759	1992
-66.06462	18.45462	1992
78.30813	27.57452	1992
-73.31146	40.87931	1992
-77.8607	40.79373	1992
10.45415	51.16418	1992
7.61781	51.96301	1992
-88.56116	33.10576	1992
-2.10679	57.15382	1992
-93.8277	35.48703	1992
-83.222954	32.67828	1991
-90.88153	32.35006	1991
-83.13142	42.46066	1991
-80.07691	34.96578	1991
-1.20788	53.93063	1991
-88.7493	41.9293	1991
-3.53444	54.48303	1991
-84.58094	30.58814	1991
-1.14392	52.94922	1991
-71.20707	42.33849	1991
-2.99713	53.04195	1991
-74.21956	40.57885	1991
-74.00712	40.71455	1991
-89.90474	35.92848	1991
-80.00595	40.12139	1991
-71.75961	42.52642	1991
-96.56967	32.46222	1991
-80.18554	40.25903	1991
-118.19232	34.10982	1991
-89.65535	32.35248	1991
4.34968	50.84838	1991
2.19061	48.82835	1991
-73.83168	40.7038	1991
-3.00594	53.45495	1991
-92.13055	34.7519	1991
-83.28092	30.83472	1991
-93.22011	30.22403	1991
-104.36615	19.7734	1991
25.62326	-33.96243	1991
-122.24474	37.76658	1991
-119.29232	34.28084	1991
-2.23001	54.31407	1991
-76.48023	37.08288	1991
-79.4172	36.58598	1991
-88.15826	32.82225	1991
-87.41323	39.46649	1991
-112.18628	33.53858	1991
10.63822	43.66633	1991
-89.4373	34.94652	1991
-118.24802	34.14632	1991
8.03889	43.88979	1991
-0.06257	51.52668	1991
-3.12282	43.32245	1991
-0.21047	51.49547	1990
-96.39998	30.16602	1990
-93.05231	34.50942	1990
0.70516	51.54038	1990
-85.35666	34.97633	1990
-90.30507	33.7621	1990
6.9105	46.43169	1990
-94.62682	39.11338	1990
-4.14514	50.54388	1990
-82.17815	41.4682	1990
-74.66429	40.36033	1990
-2.79959	54.03728	1990
-73.83827	40.91245	1990
-97.05411	34.40086	1990
-89.60586	30.24216	1990
-71.24891	42.06546	1990
-106.65931	52.1305	1990
24.49511	60.99655	1990
-118.22433	33.89528	1990
-90.22049	36.34028	1990
-88.65042	33.60651	1990
-84.56264	39.40008	1990
-93.286	32.61518	1990
133.39311	-24.9162	1990
-76.86731	39.20916	1990
-73.63691	40.72605	1990
-82.80601	37.81552	1990
-87.66771	34.74243	1990
-80.60688	36.49905	1990
7.45829	51.51661	1990
-0.07929	51.35502	1989
-76.45327	41.00461	1989
-78.87563	34.14906	1989
-77.61603	43.1555	1989
8.6333	52.3833	1989
-83.75938	38.64412	1989
-91.34318	35.15595	1989
-82.38859	23.1168	1989
-74.17418	40.73197	1989
145.0369	-37.85254	1989
-84.89033	39.83011	1989
-79.69105	36.99714	1989
-74.22886	40.92926	1989
-88.23546	43.01437	1989
-90.04868	34.96265	1989
5.9303	43.12532	1989
10.78142	44.54187	1989
-96.89774	31.30627	1989
-94.65562	31.60358	1989
-121.49101	38.57906	1989
69.86799	37.59791	1989
-89.9568	38.81337	1989
7.01062	51.4518	1989
-95.82333	29.78772	1989
-8.24055	53.41961	1989
-73.99221	40.57607	1989
-86.25025	33.17156	1989
-78.60868	35.30671	1989
-81.12129	36.5059	1989
-82.4167	23.0833	1989
10.64121	44.69559	1989
-89.29071	31.32735	1989
-87.95196	45.37238	1988
-81.77807	41.48448	1988
-115.45397	44.68358	1988
29.88987	31.19224	1988
-0.37196	51.4855	1988
-1.54508	54.97938	1988
-94.35496	32.762	1988
-1.58423	52.28209	1988
-79.45857	44.04018	1988
-117.18148	46.73016	1988
-7.48519	11.41508	1988
-88.49816	43.11092	1988
-2.76267	52.71464	1988
-101.85259	34.74293	1988
-74.11749	40.66873	1988
5.37249	43.29368	1988
-86.30063	32.38012	1988
-118.32674	34.09834	1988
-123.2079	39.15093	1988
-2.14783	52.45419	1988
-73.54223	41.05182	1988
9.17192	48.76767	1988
-87.1187	39.52517	1988
-92.34215	42.4931	1988
-0.18703	51.11655	1987
-91.89962	30.2733	1987
-83.38556	39.35103	1987
-5.93494	54.5958	1987
5.1154	52.08893	1987
-93.46787	44.93944	1987
-74.41706	40.61762	1987
-89.1285	41.32762	1987
-84.29659	33.77402	1987
-96.78176	46.87591	1987
-2.96761	56.46137	1987
-3.02075	53.82507	1987
6.89537	52.22357	1987
-119.81341	39.52739	1987
11.32643	59.55546	1987
-93.58068	30.19145	1987
-2.18983	51.431	1987
-2.02817	52.82476	1987
-90.28172	34.20378	1987
3.42348	6.43918	1987
-93.89386	30.66121	1987
-89.77895	35.36302	1987
17.21916	40.99524	1987
-87.63043	40.15946	1987
-102.22414	31.13546	1987
-1.94035	52.09141	1987
-117.99804	33.86441	1986
-1.25949	51.7562	1986
-3.04215	51.16166	1986
-86.53424	39.16659	1986
-73.86084	41.16338	1986
-0.10937	51.54702	1986
-90.05202	29.95244	1986
-74.154	40.5725	1986
-71.41199	41.82387	1986
-87.79039	42.72521	1986
-105.55096	38.99792	1986
-72.67407	41.76332	1986
-88.06573	41.87546	1986
2.62879	48.88314	1985
-85.60305	42.31729	1985
-79.88483	34.69934	1985
28.18759	-25.7458	1985
11.66351	46.5735	1985
-69.94049	18.4867	1985
-71.28109	41.94508	1985
7.45053	47.02142	1985
-118.21914	33.9814	1985
-94.35868	37.83721	1985
8.93889	44.41033	1985
-99.89682	32.75103	1985
-2.12167	52.58865	1985
-97.33558	37.68698	1985
-95.84502	37.16793	1985
4.74595	52.63453	1985
9.32463	45.34481	1985
-94.94275	32.72925	1984
-3.47238	53.31158	1984
-61.55	10.1833	1984
-118.1596	34.03339	1984
4.49848	46.61844	1984
-74.29504	40.23447	1984
31.25536	30.08374	1984
-0.12359	51.53487	1984
-88.03764	42.11306	1984
-82.40336	42.97877	1984
-73.40765	41.11366	1983
-0.76588	52.50208	1983
-93.13913	32.96197	1983
15.47527	49.80379	1983
-3.71947	56.01162	1983
10.01671	44.13378	1983
-84.279	33.90094	1983
-94.73954	34.02791	1982
-58.93826	4.86632	1982
-82.75306	28.15084	1982
-0.14855	51.44798	1982
-117.95086	34.02011	1982
-0.33556	51.59678	1982
-74.12374	40.86034	1982
-2.87899	53.48025	1982
-118.00157	33.67889	1981
-0.2751	51.84005	1981
-71.27951	42.3076	1981
-75.15294	40.0084	1981
-4.93986	50.44332	1981
-4.24251	55.8578	1981
-2.97848	53.40977	1980
-87.86029	42.30837	1980
2.15843	48.83965	1980
-86.23919	41.70075	1980
-87.33715	41.60299	1980
-0.64751	52.2824	1980
-87.77891	41.88	1980
-76.79731	18.01571	1980
-89.8643	30.79062	1980
-83.80489	35.32689	1980
12.45942	52.32764	1979
19.46801	51.76174	1979
-82.55314	35.59846	1979
-2.24881	53.4796	1979
-1.38049	53.35743	1979
-105.23324	39.61869	1979
-74.01301	40.21703	1979
-1.78644	51.57196	1979
-0.41583	54.28046	1979
-97.6389	35.5047	1979
-92.12783	32.50408	1979
-2.512	53.26047	1979
-36.74328	-9.82491	1979
-94.37517	38.91391	1979
-81.51406	41.08419	1978
-81.87728	28.8111	1978
-112.0212	46.58976	1978
-117.75002	34.05464	1978
-93.38989	41.93825	1978
-86.84567	33.67098	1978
-0.65454	51.92132	1978
-6.13448	53.2938	1978
-103.66276	41.86177	1978
-87.83917	41.88711	1978
13.70182	60.03168	1978
-118.46206	34.22745	1978
-89.58828	36.87652	1977
-42.9212	-22.06716	1977
-0.21346	51.52328	1977
-80.63716	40.36959	1977
114.15354	22.41125	1977
-93.83629	35.82558	1977
-88.05324	30.68639	1977
-113.79326	42.53486	1977
11.31429	44.2193	1976
-90.89881	33.40417	1976
-88.2435	40.1142	1976
-73.30865	43.89742	1976
-2.94612	43.26865	1976
-79.88845	43.26099	1976
-2.73426	52.65235	1976
-0.29554	51.55296	1976
-112.07577	33.44826	1976
12.88512	42.50172	1976
-2.11233	53.54031	1976
-91.18847	34.86738	1975
-95.67118	39.04928	1975
-1.36192	48.68637	1975
-80.05269	26.71438	1975
-90.59005	33.35303	1975
-0.23396	51.76102	1975
-90.1922	35.14649	1975
-73.99658	40.73143	1974
-81.68586	35.7468	1974
-79.41823	44.60659	1974
-73.04185	40.81469	1974
-80.14509	26.05225	1974
-114.99993	54.49857	1974
-94.80786	29.29533	1974
-73.80961	40.91144	1974
-75.38499	40.0908	1974
-85.77449	35.68094	1973
-87.46671	35.78032	1973
0.56876	51.34974	1973
-79.93087	35.45808	1973
-0.56623	51.31476	1973
-77.02659	18.04552	1973
-86.28641	33.58608	1973
1.31388	52.0953	1973
-157.85762	21.30473	1973
-37.42475	-10.68641	1973
-84.21585	39.02675	1973
-95.97673	29.67944	1973
-81.93487	34.94825	1973
-84.77656	40.41329	1973
-73.13585	40.85251	1973
-73.79169	41.13436	1973
-81.73295	28.02232	1973
-0.01802	51.4536	1972
-88.03295	35.27374	1972
-99.74142	32.44917	1972
-46.71173	-23.6361	1972
-78.0736	24.73847	1972
-66.6149	18.01361	1972
-83.04792	42.33168	1972
-3.14127	51.47288	1971
-0.20702	51.42099	1971
-83.18186	42.25147	1971
-118.35374	33.91819	1971
-8.18998	54.50125	1971
-93.70737	46.53338	1971
-92.78236	38.65555	1971
-74.20991	40.76099	1970
-87.79127	41.84329	1970
-86.1146	38.19047	1970
-117.8504	33.78786	1970
-116.07546	52.48245	1970
-93.74727	32.51461	1970
-3.83957	55.66107	1970
-3.98512	52.40445	1970
-80.1155	35.40853	1970
-90.04892	35.14968	1969
-91.03786	33.39847	1969
-74.17108	40.91646	1969
-83.09596	42.40584	1969
-86.51858	36.19524	1969
-89.59026	33.06474	1969
1.1251	51.37121	1969
-89.94049	34.51042	1969
11.62778	52.13186	1969
-83.7336	42.32807	1969
-89.64607	35.56455	1969
-66.10665	18.46617	1969
-54.54294	-20.61711	1969
-71.07352	42.4266	1969
-99.91246	34.68178	1969
-75.83013	39.60856	1968
-54.38783	-14.24292	1968
-77.36692	18.3902	1968
-96.46326	32.09162	1968
-75.06027	42.4553	1968
-88.68369	34.29205	1968
-90.53727	33.54243	1968
-88.35068	34.27611	1968
-97.22661	30.93133	1968
-86.4421	36.61442	1968
-118.39981	34.07292	1968
-75.20983	40.69119	1967
-93.50243	34.03142	1967
-83.32278	43.02809	1967
-94.365	33.01158	1967
-89.17571	34.83338	1967
-72.58923	42.34334	1967
-87.82828	34.27798	1967
-90.05406	35.03466	1967
-82.5148	40.75851	1967
-84.36354	35.52069	1967
-91.39823	31.55922	1967
19.06482	47.50622	1967
-34.88126	-8.05427	1966
-122.44165	47.25513	1966
-87.52899	34.6978	1966
-1.48809	51.21349	1966
-85.70948	40.21388	1966
-79.82416	40.40547	1966
-90.41504	32.8478	1965
-82.63932	27.77118	1965
-73.99558	40.93478	1965
-106.48749	31.75916	1965
-90.36791	32.6418	1964
-83.31015	42.29589	1964
-120.66906	35.48869	1964
2.50261	48.68081	1964
-77.04308	38.80456	1964
-91.39251	44.93746	1964
-96.77625	35.1303	1963
-122.71242	38.43773	1963
-84.59431	38.68193	1963
-73.85678	40.85715	1963
-90.18043	33.51711	1963
-97.95754	34.50186	1962
-91.23045	35.51629	1962
-99.28445	34.1532	1962
-93.2393	38.57842	1962
-2.54664	51.36961	1961
-81.24621	42.98689	1961
-74.07014	40.3492	1961
-114.62461	32.68485	1961
-93.36871	43.64733	1961
-83.74416	36.20201	1961
-84.10599	33.71197	1960
-89.47541	32.36419	1960
-79.82877	33.66418	1960
-70.96668	42.47775	1959
-90.06569	29.91666	1959
-118.4164	34.26624	1959
-93.89419	29.73391	1959
-91.15625	30.64839	1959
-90.5651	34.19451	1958
-92.08238	30.53301	1958
-77.05462	42.14307	1958
-99.86665	35.21553	1958
-85.91403	36.99353	1958
-90.82161	33.43561	1958
-90.5195	37.85026	1957
-81.10295	33.61454	1957
-90.18076	33.91197	1957
-64.68844	44.05551	1956
-92.82984	33.53584	1956
-85.18022	42.31617	1955
-92.06243	31.12493	1955
-84.35407	33.52198	1955
-86.06808	40.75244	1949
-87.79583	36.08337	1949
-89.00018	33.89627	1940
-84.25274	31.90143	1934
-82.50293	33.46797	1932
-89.53176	35.74595	1930
-90.29406	32.09568	1929
